# unix_time, cycles_done, cur_path, paths_total, pending_total, pending_favs, map_size, unique_crashes, unique_hangs, max_depth, execs_per_sec
1733274171, 0, 0, 4, 4, 4, 1.83%, 0, 0, 1, 1560.98
1733274176, 0, 0, 118, 118, 4, 2.47%, 0, 0, 2, 2551.71
1733274181, 0, 0, 126, 126, 4, 2.52%, 0, 0, 2, 2800.59
1733274186, 0, 0, 134, 134, 4, 2.53%, 0, 0, 2, 2813.54
1733274193, 0, 0, 142, 142, 4, 2.54%, 0, 0, 2, 20.44
1733274198, 0, 0, 147, 147, 4, 2.55%, 0, 0, 2, 3388.70
1733274203, 0, 1, 189, 188, 55, 2.67%, 0, 0, 2, 2891.05
1733274209, 0, 1, 192, 191, 55, 2.67%, 0, 0, 2, 2599.93
1733274214, 0, 1, 199, 198, 55, 2.73%, 0, 0, 2, 2774.03
1733274219, 0, 1, 200, 199, 55, 2.74%, 0, 0, 2, 2675.69
1733274226, 0, 2, 221, 219, 74, 2.80%, 0, 0, 2, 46.91
1733274231, 0, 2, 223, 221, 74, 2.80%, 0, 0, 2, 2702.77
1733274241, 0, 3, 225, 222, 78, 2.81%, 0, 0, 2, 2724.50
1733274246, 0, 3, 271, 268, 78, 2.99%, 0, 0, 2, 2266.70
1733274251, 0, 3, 274, 271, 78, 3.00%, 0, 0, 2, 2058.91
1733274259, 0, 3, 275, 272, 78, 3.00%, 0, 0, 2, 52.44
1733274264, 0, 3, 280, 277, 78, 3.00%, 0, 0, 2, 2577.45
1733274279, 0, 3, 290, 287, 78, 3.01%, 0, 0, 2, 2668.60
1733274284, 0, 3, 294, 291, 78, 3.01%, 0, 0, 2, 3094.48
1733274292, 0, 9, 295, 289, 103, 3.01%, 0, 0, 2, 87.88
1733274297, 0, 15, 295, 287, 100, 3.01%, 0, 0, 2, 3497.41
1733274307, 0, 29, 295, 285, 98, 3.01%, 0, 0, 2, 3552.84
1733274312, 0, 31, 295, 283, 96, 3.01%, 0, 0, 2, 3618.33
1733274317, 0, 32, 323, 310, 95, 3.04%, 0, 0, 3, 2989.53
1733274324, 0, 32, 324, 311, 95, 3.04%, 0, 0, 3, 34.35
1733274330, 0, 34, 326, 312, 98, 3.05%, 0, 0, 3, 3312.61
1733274335, 0, 46, 326, 310, 96, 3.05%, 0, 0, 3, 3547.70
1733274340, 0, 48, 326, 309, 95, 3.05%, 0, 0, 3, 3719.69
1733274345, 0, 50, 326, 308, 94, 3.05%, 0, 0, 3, 3487.57
1733274350, 0, 53, 326, 307, 93, 3.05%, 0, 0, 3, 3170.47
1733274362, 0, 55, 326, 306, 92, 3.05%, 0, 0, 3, 2779.17
1733274377, 0, 58, 326, 305, 91, 3.05%, 0, 0, 3, 3133.31
1733274382, 0, 78, 326, 304, 90, 3.05%, 0, 0, 3, 2801.44
1733274400, 0, 79, 326, 303, 89, 3.05%, 0, 0, 3, 2589.39
1733274423, 0, 90, 329, 305, 88, 3.05%, 0, 0, 3, 69.44
1733274433, 0, 96, 332, 307, 88, 3.05%, 0, 0, 3, 2868.55
1733274438, 0, 96, 335, 310, 88, 3.05%, 0, 0, 3, 2868.82
1733274443, 0, 96, 339, 314, 88, 3.05%, 0, 0, 3, 2889.86
1733274448, 0, 97, 340, 314, 85, 3.05%, 0, 0, 3, 2876.72
1733274455, 0, 99, 340, 313, 84, 3.05%, 0, 0, 3, 83.10
1733274460, 0, 112, 341, 313, 83, 3.05%, 0, 0, 3, 3010.26
1733274476, 0, 114, 342, 313, 84, 3.06%, 0, 0, 3, 3093.02
1733274481, 0, 117, 342, 312, 83, 3.06%, 0, 0, 3, 3132.78
1733274488, 0, 119, 343, 312, 82, 3.06%, 0, 0, 3, 104.53
1733274493, 0, 119, 347, 316, 82, 3.06%, 0, 0, 3, 2774.37
1733274498, 0, 119, 350, 319, 82, 3.06%, 0, 0, 3, 2766.50
1733274503, 0, 123, 350, 318, 83, 3.06%, 0, 0, 3, 3007.61
1733274508, 0, 130, 350, 315, 80, 3.06%, 0, 0, 3, 3322.41
1733274521, 0, 131, 350, 314, 79, 3.06%, 0, 0, 3, 59.92
1733274531, 0, 134, 351, 314, 78, 3.06%, 0, 0, 3, 2951.20
1733274546, 0, 135, 351, 313, 77, 3.06%, 0, 0, 3, 2661.80
1733274564, 0, 136, 351, 312, 76, 3.06%, 0, 0, 3, 2616.24
1733274579, 0, 140, 352, 311, 74, 3.06%, 0, 0, 3, 2927.23
1733274586, 0, 140, 353, 312, 74, 3.06%, 0, 0, 3, 30.69
1733274591, 0, 140, 354, 313, 74, 3.06%, 0, 0, 3, 2628.56
1733274596, 0, 143, 354, 312, 75, 3.06%, 0, 0, 3, 2924.93
1733274602, 0, 145, 354, 311, 74, 3.06%, 0, 0, 3, 3079.75
1733274607, 0, 155, 358, 314, 73, 3.06%, 0, 0, 3, 3149.81
1733274619, 0, 156, 359, 314, 73, 3.06%, 0, 0, 3, 99.34
1733274624, 0, 158, 359, 313, 73, 3.06%, 0, 0, 3, 3124.03
1733274629, 0, 159, 360, 313, 72, 3.06%, 0, 0, 3, 3013.03
1733274662, 0, 167, 361, 313, 71, 3.06%, 0, 0, 3, 2780.49
1733274667, 0, 167, 362, 314, 71, 3.06%, 0, 0, 3, 2946.77
1733274672, 0, 193, 362, 313, 71, 3.06%, 0, 0, 3, 2755.44
1733274705, 0, 197, 387, 337, 70, 3.07%, 0, 0, 3, 2879.29
1733274717, 0, 201, 389, 337, 71, 3.07%, 0, 0, 3, 95.02
1733274722, 0, 208, 389, 335, 69, 3.07%, 0, 0, 3, 2912.53
1733274742, 0, 208, 391, 337, 69, 3.07%, 0, 0, 3, 2643.28
1733274750, 0, 209, 391, 336, 69, 3.07%, 0, 0, 3, 60.01
1733274775, 0, 211, 396, 340, 69, 3.07%, 0, 0, 3, 2590.17
1733274793, 0, 211, 398, 342, 69, 3.07%, 0, 0, 3, 3045.71
1733274798, 0, 212, 398, 341, 69, 3.07%, 0, 0, 3, 2811.40
1733274820, 0, 213, 399, 341, 68, 3.07%, 0, 0, 3, 2371.32
1733274841, 0, 213, 400, 342, 68, 3.07%, 0, 0, 3, 2652.65
1733274848, 0, 214, 400, 341, 68, 3.07%, 0, 0, 3, 80.60
1733274873, 0, 215, 401, 341, 67, 3.07%, 0, 0, 3, 2441.45
1733274901, 0, 217, 403, 342, 67, 3.07%, 0, 0, 3, 2870.27
1733274906, 0, 219, 403, 341, 66, 3.07%, 0, 0, 3, 3267.58
1733274914, 0, 220, 403, 340, 65, 3.07%, 0, 0, 3, 31.78
1733274929, 0, 222, 404, 340, 65, 3.08%, 0, 0, 3, 2633.42
1733274934, 0, 222, 405, 341, 65, 3.08%, 0, 0, 3, 2654.31
1733274939, 0, 222, 407, 343, 65, 3.08%, 0, 0, 3, 2772.58
1733274946, 0, 223, 407, 342, 64, 3.08%, 0, 0, 3, 88.22
1733274956, 0, 225, 407, 340, 62, 3.08%, 0, 0, 3, 3513.72
1733274966, 0, 226, 407, 339, 61, 3.08%, 0, 0, 3, 3424.00
1733274971, 0, 227, 407, 338, 60, 3.08%, 0, 0, 3, 3188.91
1733274984, 0, 228, 407, 337, 59, 3.08%, 0, 0, 3, 2966.65
1733275004, 0, 230, 407, 336, 58, 3.08%, 0, 0, 3, 2668.83
1733275012, 0, 230, 408, 337, 58, 3.08%, 0, 0, 3, 70.79
1733275027, 0, 234, 408, 336, 58, 3.08%, 0, 0, 3, 2736.09
1733275054, 0, 238, 408, 335, 57, 3.08%, 0, 0, 3, 2543.94
1733275077, 0, 244, 408, 334, 56, 3.08%, 0, 0, 3, 78.23
1733275097, 0, 246, 408, 333, 55, 3.08%, 0, 0, 3, 2752.32
1733275125, 0, 247, 409, 333, 54, 3.08%, 0, 0, 3, 2698.65
1733275148, 0, 248, 409, 332, 53, 3.08%, 0, 0, 3, 2571.99
1733275175, 0, 251, 409, 331, 52, 3.08%, 0, 0, 3, 57.68
1733275213, 0, 261, 415, 336, 51, 3.08%, 0, 0, 3, 2425.07
1733275218, 0, 261, 418, 339, 51, 3.08%, 0, 0, 3, 2419.41
1733275241, 0, 262, 418, 338, 51, 3.08%, 0, 0, 3, 113.17
1733275246, 0, 264, 418, 337, 50, 3.08%, 0, 0, 3, 3026.01
1733275266, 0, 265, 418, 336, 49, 3.08%, 0, 0, 3, 2659.86
1733275294, 0, 268, 418, 335, 48, 3.08%, 0, 0, 3, 2552.53
1733275332, 0, 271, 418, 334, 47, 3.08%, 0, 0, 3, 2708.47
1733275354, 0, 275, 418, 333, 46, 3.08%, 0, 0, 3, 2797.14
1733275364, 0, 282, 418, 332, 45, 3.08%, 0, 0, 3, 3058.07
1733275387, 0, 282, 419, 333, 45, 3.08%, 0, 0, 3, 2416.70
1733275404, 0, 283, 419, 332, 45, 3.08%, 0, 0, 3, 141.09
1733275430, 0, 287, 419, 331, 44, 3.08%, 0, 0, 3, 2643.56
1733275463, 0, 287, 421, 333, 44, 3.08%, 0, 0, 3, 2558.24
1733275470, 0, 288, 421, 332, 43, 3.08%, 0, 0, 3, 78.30
1733275485, 0, 289, 421, 331, 42, 3.08%, 0, 0, 3, 3233.10
1733275490, 0, 290, 421, 330, 41, 3.08%, 0, 0, 3, 3139.18
1733275495, 0, 290, 422, 331, 41, 3.08%, 0, 0, 3, 3193.89
1733275503, 0, 290, 423, 332, 41, 3.08%, 0, 0, 3, 64.86
1733275508, 0, 292, 423, 331, 40, 3.08%, 0, 0, 3, 2979.12
1733275518, 0, 294, 424, 331, 39, 3.08%, 0, 0, 3, 3061.86
1733275523, 0, 294, 425, 332, 39, 3.08%, 0, 0, 3, 3112.48
1733275535, 0, 301, 476, 382, 38, 3.08%, 0, 0, 4, 60.89
1733275540, 0, 301, 478, 384, 38, 3.08%, 0, 0, 4, 2765.33
1733275545, 0, 301, 480, 386, 38, 3.08%, 0, 0, 4, 2666.30
1733275550, 0, 302, 481, 386, 37, 3.08%, 0, 0, 4, 3069.01
1733275555, 0, 324, 481, 385, 36, 3.08%, 0, 0, 4, 3106.51
1733275561, 0, 324, 482, 386, 36, 3.09%, 0, 0, 4, 2888.07
1733275573, 0, 325, 483, 386, 37, 3.09%, 0, 0, 4, 3119.60
1733275578, 0, 325, 484, 387, 37, 3.10%, 0, 0, 4, 3034.97
1733275583, 0, 325, 485, 388, 37, 3.10%, 0, 0, 4, 2920.92
1733275588, 0, 328, 485, 387, 37, 3.10%, 0, 0, 4, 2743.27
1733275606, 0, 332, 496, 397, 36, 3.10%, 0, 0, 4, 2479.53
1733275611, 0, 332, 498, 399, 36, 3.10%, 0, 0, 4, 2648.79
1733275621, 0, 333, 505, 405, 35, 3.10%, 0, 0, 4, 2668.13
1733275626, 0, 333, 519, 419, 35, 3.10%, 0, 0, 4, 2607.67
1733275644, 0, 335, 539, 438, 35, 3.10%, 0, 0, 4, 2506.50
1733275649, 0, 335, 541, 440, 35, 3.10%, 0, 0, 4, 2559.55
1733275659, 0, 336, 547, 445, 34, 3.10%, 0, 0, 4, 2524.69
1733275666, 0, 336, 550, 448, 34, 3.10%, 0, 0, 4, 75.82
1733275676, 0, 340, 550, 447, 33, 3.10%, 0, 0, 4, 2675.14
1733275682, 0, 340, 562, 459, 33, 3.10%, 0, 0, 4, 2554.09
1733275699, 0, 341, 562, 458, 34, 3.10%, 0, 0, 4, 109.43
1733275709, 0, 341, 563, 459, 34, 3.10%, 0, 0, 4, 2959.06
1733275714, 0, 346, 565, 460, 33, 3.10%, 0, 0, 4, 2928.45
1733275724, 0, 346, 566, 461, 33, 3.10%, 0, 0, 4, 2775.86
1733275732, 0, 354, 567, 461, 32, 3.10%, 0, 0, 4, 65.91
1733275737, 0, 355, 567, 460, 31, 3.10%, 0, 0, 4, 3304.43
1733275747, 0, 361, 580, 472, 30, 3.10%, 0, 0, 4, 3186.54
1733275752, 0, 361, 581, 473, 30, 3.10%, 0, 0, 4, 3025.62
1733275765, 0, 363, 583, 474, 32, 3.10%, 0, 0, 4, 93.78
1733275780, 0, 368, 583, 473, 31, 3.10%, 0, 0, 4, 3151.74
1733275785, 0, 377, 588, 477, 30, 3.10%, 0, 0, 4, 3071.85
1733275790, 0, 377, 594, 483, 30, 3.10%, 0, 0, 4, 3044.19
1733275802, 0, 378, 596, 484, 30, 3.10%, 0, 0, 4, 3094.62
1733275807, 0, 381, 597, 484, 31, 3.10%, 0, 0, 4, 3184.18
1733275813, 0, 381, 600, 487, 31, 3.10%, 0, 0, 4, 2992.17
1733275823, 0, 386, 602, 488, 31, 3.10%, 0, 0, 4, 3029.98
1733275840, 0, 390, 603, 488, 30, 3.10%, 0, 0, 4, 2820.95
1733275845, 0, 390, 605, 490, 30, 3.10%, 0, 0, 4, 2670.54
1733275868, 0, 390, 607, 492, 30, 3.10%, 0, 0, 4, 2611.20
1733275873, 0, 394, 609, 493, 30, 3.10%, 0, 0, 4, 2903.25
1733275888, 0, 395, 613, 496, 31, 3.10%, 0, 0, 4, 2961.55
1733275911, 0, 399, 614, 496, 30, 3.10%, 0, 0, 4, 2681.05
1733275938, 0, 401, 615, 496, 29, 3.10%, 0, 0, 4, 2658.14
1733275961, 0, 401, 616, 497, 29, 3.10%, 0, 0, 4, 114.42
1733275966, 0, 403, 618, 498, 29, 3.10%, 0, 0, 4, 2903.28
1733275976, 0, 404, 622, 501, 29, 3.10%, 0, 0, 4, 2881.58
1733275999, 0, 407, 622, 500, 28, 3.10%, 0, 0, 4, 2976.71
1733276009, 0, 408, 622, 499, 27, 3.10%, 0, 0, 4, 2839.06
1733276031, 0, 412, 622, 498, 26, 3.10%, 0, 0, 4, 2575.77
1733276036, 0, 412, 624, 500, 26, 3.10%, 0, 0, 4, 2727.92
1733276059, 0, 418, 624, 499, 25, 3.10%, 0, 0, 4, 105.82
1733276079, 0, 422, 624, 498, 24, 3.10%, 0, 0, 4, 2721.49
1733276097, 0, 466, 635, 508, 23, 3.10%, 0, 0, 5, 2819.60
1733276102, 0, 466, 638, 511, 23, 3.10%, 0, 0, 5, 2612.03
1733276107, 0, 466, 639, 512, 23, 3.10%, 0, 0, 5, 2568.99
1733276112, 0, 466, 642, 515, 23, 3.10%, 0, 0, 5, 2788.25
1733276117, 0, 468, 654, 526, 23, 3.10%, 0, 0, 5, 2680.41
1733276124, 0, 468, 655, 527, 23, 3.10%, 0, 0, 5, 44.95
1733276135, 0, 475, 656, 527, 23, 3.10%, 0, 0, 5, 2768.70
1733276150, 0, 481, 656, 526, 22, 3.10%, 0, 0, 5, 3031.90
1733276157, 0, 482, 656, 525, 21, 3.10%, 0, 0, 5, 73.54
1733276172, 0, 483, 658, 526, 21, 3.11%, 0, 0, 5, 3070.15
1733276177, 0, 505, 660, 527, 23, 3.11%, 0, 0, 5, 3098.73
1733276190, 0, 527, 660, 526, 22, 3.11%, 0, 0, 5, 84.96
1733276200, 0, 553, 660, 525, 21, 3.11%, 0, 0, 5, 2981.34
1733276205, 0, 553, 661, 526, 21, 3.11%, 0, 0, 5, 2949.08
1733276210, 0, 565, 662, 526, 20, 3.11%, 0, 0, 5, 2949.92
1733276215, 0, 565, 664, 528, 20, 3.11%, 0, 0, 5, 2956.27
1733276228, 0, 572, 664, 527, 20, 3.11%, 0, 0, 5, 3012.50
1733276233, 0, 572, 665, 528, 20, 3.11%, 0, 0, 5, 3072.14
1733276243, 0, 574, 665, 527, 19, 3.11%, 0, 0, 5, 3198.46
1733276255, 0, 577, 668, 529, 18, 3.11%, 0, 0, 5, 65.63
1733276266, 0, 590, 668, 528, 18, 3.11%, 0, 0, 5, 2982.34
1733276281, 0, 594, 668, 527, 17, 3.11%, 0, 0, 5, 3373.03
1733276288, 0, 595, 668, 526, 16, 3.11%, 0, 0, 5, 102.08
1733276298, 0, 598, 673, 530, 15, 3.11%, 0, 0, 5, 3147.40
1733276314, 0, 606, 675, 531, 15, 3.11%, 0, 0, 5, 3069.48
1733276331, 0, 607, 677, 532, 15, 3.11%, 0, 0, 5, 3076.20
1733276341, 0, 607, 678, 533, 15, 3.11%, 0, 0, 5, 3247.58
1733276346, 0, 607, 679, 534, 15, 3.11%, 0, 0, 5, 3102.40
1733276354, 0, 610, 680, 534, 15, 3.11%, 0, 0, 5, 63.94
1733276369, 0, 614, 681, 534, 14, 3.11%, 0, 0, 5, 2805.81
1733276394, 0, 615, 682, 534, 14, 3.11%, 0, 0, 5, 2402.66
1733276424, 0, 615, 684, 536, 14, 3.11%, 0, 0, 5, 2702.33
1733276429, 0, 619, 685, 536, 13, 3.11%, 0, 0, 5, 3341.29
1733276434, 0, 651, 687, 537, 14, 3.12%, 0, 0, 6, 3161.90
1733276452, 0, 656, 690, 539, 13, 3.12%, 0, 0, 6, 83.01
1733276462, 0, 657, 690, 538, 14, 3.12%, 0, 0, 6, 3500.49
1733276467, 0, 659, 691, 537, 13, 3.12%, 0, 0, 6, 3443.75
1733276472, 0, 660, 693, 538, 12, 3.12%, 0, 0, 6, 3277.01
1733276490, 0, 666, 694, 538, 11, 3.12%, 0, 0, 6, 3008.85
1733276500, 0, 669, 695, 538, 10, 3.12%, 0, 0, 6, 3050.06
1733276505, 0, 669, 696, 539, 10, 3.12%, 0, 0, 6, 3027.86
1733276517, 0, 675, 697, 539, 9, 3.12%, 0, 0, 6, 110.60
1733276522, 0, 675, 698, 540, 9, 3.12%, 0, 0, 6, 3210.52
1733276533, 0, 678, 698, 539, 8, 3.12%, 0, 0, 6, 3075.66
1733276550, 0, 678, 699, 540, 8, 3.12%, 0, 0, 6, 73.38
1733276555, 0, 684, 700, 540, 8, 3.12%, 0, 0, 6, 3362.21
1733276560, 0, 685, 700, 539, 8, 3.12%, 0, 0, 6, 3430.40
1733276570, 0, 687, 700, 538, 7, 3.12%, 0, 0, 6, 3379.70
1733276575, 0, 688, 701, 538, 6, 3.12%, 0, 0, 7, 3411.39
1733276583, 0, 690, 701, 537, 5, 3.12%, 0, 0, 7, 148.51
1733276588, 0, 698, 701, 536, 4, 3.12%, 0, 0, 7, 3452.03
1733276598, 0, 698, 702, 537, 4, 3.12%, 0, 0, 7, 3334.38
1733276608, 0, 699, 702, 536, 4, 3.12%, 0, 0, 7, 3303.52
1733276616, 0, 701, 703, 536, 3, 3.12%, 0, 0, 8, 138.52
1733276631, 1, 73, 703, 535, 2, 3.12%, 0, 0, 8, 3119.33
1733276653, 1, 82, 703, 534, 2, 3.12%, 0, 0, 8, 2799.87
1733276669, 1, 132, 703, 533, 1, 3.12%, 0, 0, 8, 3017.23
1733276681, 1, 307, 703, 532, 1, 3.12%, 0, 0, 8, 40.94
1733276686, 1, 307, 704, 533, 1, 3.12%, 0, 0, 8, 2871.63
1733276696, 1, 310, 704, 532, 0, 3.12%, 0, 0, 8, 2940.00
1733276706, 1, 312, 704, 531, 0, 3.12%, 0, 0, 8, 2955.19
1733276729, 1, 318, 704, 530, 0, 3.12%, 0, 0, 8, 2760.52
1733276746, 1, 320, 704, 529, 0, 3.12%, 0, 0, 8, 102.51
1733276762, 1, 321, 704, 528, 0, 3.12%, 0, 0, 8, 2802.52
1733276777, 1, 323, 704, 527, 0, 3.12%, 0, 0, 8, 2589.37
1733276795, 1, 337, 704, 526, 0, 3.12%, 0, 0, 8, 95.11
1733276816, 1, 339, 704, 525, 0, 3.12%, 0, 0, 8, 2449.72
1733276831, 1, 350, 704, 524, 0, 3.12%, 0, 0, 8, 2799.13
1733276834, 1, 365, 705, 524, 0, 3.12%, 0, 0, 8, 0.00
1733276855, 1, 375, 705, 523, 0, 3.12%, 0, 0, 8, 3121.03
1733276865, 1, 379, 705, 522, 0, 3.12%, 0, 0, 8, 3206.67
1733276881, 1, 389, 705, 521, 0, 3.12%, 0, 0, 8, 3350.21
1733276891, 1, 396, 705, 520, 0, 3.12%, 0, 0, 8, 3175.86
1733276908, 1, 397, 705, 519, 0, 3.12%, 0, 0, 8, 3268.33
1733276928, 1, 398, 705, 518, 0, 3.12%, 0, 0, 8, 2900.35
1733276946, 1, 407, 705, 517, 0, 3.12%, 0, 0, 8, 2807.45
1733276951, 1, 413, 705, 517, 0, 3.12%, 0, 0, 8, 2942.75
1733276968, 1, 414, 705, 516, 0, 3.12%, 0, 0, 8, 111.69
1733276988, 1, 415, 705, 515, 0, 3.12%, 0, 0, 8, 2804.25
1733277016, 1, 417, 705, 514, 0, 3.12%, 0, 0, 8, 2652.07
1733277039, 1, 419, 705, 513, 0, 3.12%, 0, 0, 8, 2685.36
1733277071, 1, 419, 707, 515, 0, 3.12%, 0, 0, 8, 2556.91
1733277076, 1, 421, 708, 515, 0, 3.12%, 0, 0, 8, 2797.07
1733277087, 1, 424, 708, 514, 0, 3.12%, 0, 0, 8, 3102.86
1733277092, 1, 424, 710, 516, 0, 3.12%, 0, 0, 8, 3223.75
1733277104, 1, 428, 710, 515, 2, 3.12%, 0, 0, 8, 2836.78
1733277119, 1, 540, 710, 514, 2, 3.12%, 0, 0, 8, 2522.24
1733277142, 1, 708, 715, 518, 2, 3.12%, 0, 0, 8, 3025.12
1733277147, 1, 708, 716, 519, 2, 3.12%, 0, 0, 8, 3160.61
1733277157, 1, 709, 716, 518, 1, 3.12%, 0, 0, 8, 3206.60
1733277169, 1, 712, 716, 517, 0, 3.12%, 0, 0, 8, 3219.66
1733277185, 1, 714, 718, 518, 0, 3.12%, 0, 0, 8, 3109.44
1733277202, 1, 716, 718, 517, 2, 3.12%, 0, 0, 8, 3123.63
1733277222, 1, 717, 718, 516, 1, 3.12%, 0, 0, 8, 3051.02
1733277240, 2, 16, 718, 512, 0, 3.12%, 0, 0, 8, 3384.99
1733277250, 2, 18, 718, 511, 0, 3.12%, 0, 0, 8, 3051.85
1733277268, 2, 21, 719, 511, 0, 3.12%, 0, 0, 8, 2875.85
1733277283, 2, 28, 720, 511, 0, 3.12%, 0, 0, 8, 2874.72
1733277295, 2, 28, 721, 512, 0, 3.12%, 0, 0, 8, 85.43
1733277300, 2, 41, 721, 511, 0, 3.12%, 0, 0, 8, 3301.81
1733277305, 2, 47, 721, 510, 0, 3.12%, 0, 0, 8, 3082.06
1733277321, 2, 49, 721, 509, 0, 3.12%, 0, 0, 8, 2806.99
1733277333, 2, 54, 721, 508, 0, 3.12%, 0, 0, 8, 3151.39
1733277343, 2, 62, 722, 508, 0, 3.12%, 0, 0, 8, 2880.48
1733277361, 2, 70, 722, 507, 0, 3.12%, 0, 0, 8, 73.83
1733277371, 2, 79, 722, 506, 0, 3.12%, 0, 0, 8, 3081.91
1733277376, 2, 86, 722, 506, 0, 3.12%, 0, 0, 8, 3225.00
1733277381, 2, 88, 722, 505, 0, 3.12%, 0, 0, 8, 2928.34
1733277399, 2, 92, 722, 504, 0, 3.12%, 0, 0, 8, 2917.24
1733277414, 2, 93, 722, 503, 0, 3.12%, 0, 0, 8, 2848.76
1733277431, 2, 110, 722, 502, 0, 3.12%, 0, 0, 8, 2853.07
1733277447, 2, 110, 724, 504, 0, 3.12%, 0, 0, 8, 2585.17
1733277452, 2, 111, 724, 503, 0, 3.12%, 0, 0, 8, 2767.37
1733277469, 2, 115, 724, 502, 0, 3.12%, 0, 0, 8, 3141.53
1733277474, 2, 116, 724, 501, 0, 3.12%, 0, 0, 8, 3314.60
1733277485, 2, 139, 724, 500, 0, 3.12%, 0, 0, 8, 3073.62
1733277502, 2, 150, 724, 499, 0, 3.12%, 0, 0, 8, 2995.92
1733277517, 2, 157, 724, 498, 0, 3.12%, 0, 0, 8, 2778.39
1733277545, 2, 161, 724, 497, 0, 3.12%, 0, 0, 8, 2868.60
1733277557, 2, 162, 724, 496, 0, 3.12%, 0, 0, 8, 67.93
1733277572, 2, 166, 724, 495, 0, 3.12%, 0, 0, 8, 3031.66
1733277590, 2, 170, 725, 495, 0, 3.12%, 0, 0, 8, 136.04
1733277605, 2, 174, 725, 494, 0, 3.12%, 0, 0, 8, 2923.04
1733277633, 2, 178, 725, 493, 0, 3.12%, 0, 0, 8, 2778.59
1733277648, 2, 181, 726, 493, 0, 3.12%, 0, 0, 8, 2999.42
1733277666, 2, 183, 726, 492, 0, 3.12%, 0, 0, 8, 3119.26
1733277676, 2, 185, 726, 491, 0, 3.12%, 0, 0, 8, 3130.99
1733277681, 2, 185, 727, 492, 0, 3.12%, 0, 0, 8, 3108.88
1733277693, 2, 188, 728, 492, 0, 3.12%, 0, 0, 8, 3055.83
1733277698, 2, 188, 731, 495, 0, 3.12%, 0, 0, 8, 3138.88
1733277703, 2, 188, 732, 496, 0, 3.12%, 0, 0, 8, 3096.55
1733277709, 2, 196, 733, 496, 0, 3.12%, 0, 0, 8, 3017.46
1733277721, 2, 196, 734, 497, 0, 3.12%, 0, 0, 8, 70.30
1733277726, 2, 315, 734, 496, 1, 3.12%, 0, 0, 8, 2781.20
1733277741, 2, 455, 734, 495, 1, 3.12%, 0, 0, 8, 2485.12
1733277759, 2, 467, 734, 494, 1, 3.12%, 0, 0, 8, 2699.42
1733277764, 2, 467, 735, 495, 1, 3.12%, 0, 0, 8, 2496.00
1733277774, 2, 733, 736, 495, 1, 3.12%, 0, 0, 8, 2691.69
1733277779, 2, 733, 738, 497, 1, 3.12%, 0, 0, 8, 3141.73
1733277791, 3, 11, 738, 496, 0, 3.12%, 0, 0, 8, 3194.69
1733277797, 3, 23, 738, 495, 0, 3.12%, 0, 0, 8, 2944.19
1733277807, 3, 28, 738, 494, 0, 3.12%, 0, 0, 8, 2837.92
1733277812, 3, 36, 738, 494, 0, 3.12%, 0, 0, 8, 2497.42
1733277834, 3, 56, 738, 493, 0, 3.12%, 0, 0, 8, 2786.01
1733277850, 3, 59, 738, 492, 0, 3.12%, 0, 0, 8, 3019.07
1733277855, 3, 61, 738, 491, 0, 3.12%, 0, 0, 8, 3036.06
1733277879, 3, 63, 738, 490, 0, 3.12%, 0, 0, 8, 2834.42
1733277895, 3, 68, 738, 489, 0, 3.12%, 0, 0, 8, 2929.24
1733277917, 3, 72, 738, 488, 0, 3.12%, 0, 0, 8, 94.28
1733277933, 3, 81, 739, 488, 0, 3.12%, 0, 0, 8, 2857.86
1733277950, 3, 91, 739, 487, 0, 3.12%, 0, 0, 8, 89.44
1733277965, 3, 98, 739, 486, 0, 3.12%, 0, 0, 8, 3050.92
1733277971, 3, 101, 739, 485, 0, 3.12%, 0, 0, 8, 3561.78
1733277988, 3, 104, 739, 484, 0, 3.12%, 0, 0, 8, 3111.35
1733278003, 3, 105, 739, 483, 0, 3.12%, 0, 0, 8, 2833.18
1733278020, 3, 109, 740, 483, 0, 3.12%, 0, 0, 8, 2995.58
1733278041, 3, 121, 740, 482, 0, 3.12%, 0, 0, 8, 2815.53
1733278058, 3, 126, 742, 483, 0, 3.12%, 0, 0, 8, 2602.79
1733278074, 3, 129, 742, 482, 0, 3.12%, 0, 0, 8, 2908.30
1733278081, 3, 147, 742, 481, 0, 3.12%, 0, 0, 8, 76.73
1733278091, 3, 149, 742, 480, 0, 3.12%, 0, 0, 8, 2972.99
1733278107, 3, 164, 742, 479, 0, 3.12%, 0, 0, 8, 2938.29
1733278124, 3, 169, 742, 478, 0, 3.12%, 0, 0, 8, 2910.62
1733278139, 3, 171, 742, 477, 0, 3.12%, 0, 0, 8, 2940.34
1733278162, 3, 172, 743, 477, 0, 3.12%, 0, 0, 8, 2755.12
1733278264, 3, 173, 743, 476, 0, 3.12%, 0, 0, 8, 2273.35
1733278290, 3, 187, 743, 475, 0, 3.12%, 0, 0, 8, 2545.17
1733278300, 3, 187, 744, 476, 0, 3.12%, 0, 0, 8, 23.32
1733278306, 3, 356, 744, 475, 1, 3.12%, 0, 0, 8, 3493.43
1733278311, 3, 514, 744, 474, 1, 3.12%, 0, 0, 8, 3344.86
1733278333, 3, 603, 744, 473, 1, 3.12%, 0, 0, 8, 153.87
1733278338, 3, 603, 746, 475, 1, 3.12%, 0, 0, 8, 2566.14
1733278349, 3, 603, 747, 476, 1, 3.12%, 0, 0, 8, 2560.81
1733278354, 3, 603, 748, 477, 1, 3.12%, 0, 0, 8, 2666.04
1733278366, 3, 637, 749, 477, 1, 3.12%, 0, 0, 8, 146.26
1733278371, 3, 637, 750, 478, 1, 3.12%, 0, 0, 8, 2983.91
1733278381, 3, 729, 750, 477, 2, 3.12%, 0, 0, 8, 3005.64
1733278391, 3, 743, 750, 476, 2, 3.12%, 0, 0, 8, 3080.88
1733278409, 3, 749, 750, 475, 1, 3.12%, 0, 0, 8, 2794.14
1733278424, 4, 14, 750, 473, 0, 3.12%, 0, 0, 8, 3441.79
1733278431, 4, 20, 750, 472, 0, 3.12%, 0, 0, 8, 106.06
1733278446, 4, 26, 750, 471, 0, 3.12%, 0, 0, 8, 2673.16
1733278464, 4, 43, 750, 470, 0, 3.12%, 0, 0, 8, 89.51
1733278469, 4, 57, 750, 469, 0, 3.12%, 0, 0, 8, 3237.43
1733278479, 4, 64, 750, 468, 0, 3.12%, 0, 0, 8, 2939.61
1733278497, 4, 69, 750, 467, 0, 3.12%, 0, 0, 8, 57.47
1733278507, 4, 77, 750, 466, 0, 3.12%, 0, 0, 8, 2982.19
1733278529, 4, 83, 750, 465, 0, 3.12%, 0, 0, 8, 100.81
1733278535, 4, 100, 750, 464, 0, 3.12%, 0, 0, 8, 3101.94
1733278550, 4, 102, 750, 463, 0, 3.12%, 0, 0, 8, 2819.70
1733278568, 4, 103, 750, 462, 0, 3.12%, 0, 0, 8, 2832.00
1733278583, 4, 108, 750, 461, 0, 3.12%, 0, 0, 8, 2742.73
1733278605, 4, 118, 750, 459, 0, 3.12%, 0, 0, 8, 3399.40
1733278610, 4, 120, 750, 458, 0, 3.12%, 0, 0, 8, 2920.32
1733278628, 4, 122, 750, 457, 0, 3.12%, 0, 0, 8, 69.72
1733278648, 4, 125, 750, 456, 0, 3.12%, 0, 0, 8, 2838.17
1733278666, 4, 138, 750, 455, 0, 3.12%, 0, 0, 8, 3139.54
1733278671, 4, 152, 750, 454, 0, 3.12%, 0, 0, 8, 3385.88
1733278686, 4, 153, 750, 453, 0, 3.12%, 0, 0, 8, 2895.95
1733278703, 4, 165, 750, 452, 0, 3.12%, 0, 0, 8, 2752.18
1733278736, 4, 176, 750, 451, 0, 3.12%, 0, 0, 8, 2883.55
1733278746, 4, 180, 750, 450, 0, 3.12%, 0, 0, 8, 2925.38
1733278779, 4, 184, 750, 449, 0, 3.12%, 0, 0, 8, 2950.17
1733278791, 4, 190, 750, 448, 0, 3.12%, 0, 0, 8, 87.41
1733278824, 4, 191, 750, 447, 0, 3.12%, 0, 0, 8, 122.95
1733278834, 4, 192, 750, 446, 0, 3.12%, 0, 0, 8, 3260.53
1733278844, 4, 198, 750, 445, 0, 3.12%, 0, 0, 8, 2861.26
1733278872, 4, 201, 750, 444, 0, 3.12%, 0, 0, 8, 2621.01
1733278877, 4, 204, 750, 444, 0, 3.12%, 0, 0, 8, 3185.12
1733278882, 4, 207, 750, 443, 0, 3.12%, 0, 0, 8, 3127.87
1733278915, 4, 210, 750, 442, 0, 3.12%, 0, 0, 8, 2968.27
1733278932, 4, 216, 751, 442, 0, 3.12%, 0, 0, 8, 2985.92
1733278960, 4, 216, 752, 443, 0, 3.12%, 0, 0, 8, 2655.15
1733278965, 4, 229, 753, 442, 0, 3.12%, 0, 0, 8, 2949.16
1733278988, 4, 434, 754, 442, 1, 3.12%, 0, 0, 8, 21.93
1733279008, 4, 456, 754, 441, 1, 3.12%, 0, 0, 8, 2617.81
1733279026, 4, 487, 754, 440, 1, 3.12%, 0, 0, 8, 2850.14
1733279041, 4, 752, 754, 439, 1, 3.12%, 0, 0, 8, 2712.56
1733279058, 4, 753, 755, 439, 0, 3.12%, 0, 0, 8, 2703.51
1733279063, 4, 753, 756, 440, 0, 3.12%, 0, 0, 8, 2589.66
1733279073, 5, 17, 756, 439, 0, 3.12%, 0, 0, 8, 2861.60
1733279121, 5, 19, 756, 438, 0, 3.12%, 0, 0, 8, 2460.20
1733279140, 5, 42, 756, 436, 0, 3.12%, 0, 0, 8, 3513.83
1733279152, 5, 44, 756, 435, 0, 3.12%, 0, 0, 8, 97.17
1733279157, 5, 71, 756, 434, 0, 3.12%, 0, 0, 8, 3137.08
1733279172, 5, 74, 756, 433, 0, 3.12%, 0, 0, 8, 2829.78
1733279189, 5, 75, 756, 432, 0, 3.12%, 0, 0, 8, 2945.28
1733279204, 5, 80, 756, 431, 0, 3.12%, 0, 0, 8, 2868.45
1733279222, 5, 87, 756, 430, 0, 3.12%, 0, 0, 8, 2909.15
1733279232, 5, 106, 756, 429, 0, 3.12%, 0, 0, 8, 2986.26
1733279250, 5, 142, 756, 428, 0, 3.12%, 0, 0, 8, 105.44
1733279265, 5, 163, 756, 426, 0, 3.12%, 0, 0, 8, 3644.59
1733279283, 5, 214, 756, 425, 0, 3.12%, 0, 0, 8, 121.83
1733279288, 5, 233, 756, 425, 0, 3.12%, 0, 0, 8, 2682.83
1733279315, 5, 234, 756, 424, 0, 3.12%, 0, 0, 8, 82.19
1733279320, 5, 235, 756, 424, 0, 3.12%, 0, 0, 8, 2838.47
1733279348, 5, 243, 757, 424, 0, 3.12%, 0, 0, 8, 99.84
1733279373, 5, 245, 757, 423, 0, 3.12%, 0, 0, 8, 2841.32
1733279396, 5, 249, 757, 422, 0, 3.12%, 0, 0, 8, 2832.88
1733279418, 5, 252, 757, 421, 0, 3.12%, 0, 0, 8, 2687.94
1733279451, 5, 257, 757, 420, 0, 3.12%, 0, 0, 8, 2767.06
1733279479, 5, 274, 757, 419, 0, 3.12%, 0, 0, 8, 54.89
1733279484, 5, 274, 758, 420, 0, 3.12%, 0, 0, 8, 3007.48
1733279504, 5, 278, 758, 419, 0, 3.12%, 0, 0, 8, 2849.93
1733279527, 5, 279, 758, 418, 0, 3.12%, 0, 0, 8, 2630.23
1733279555, 5, 284, 758, 417, 0, 3.12%, 0, 0, 8, 2661.39
1733279560, 5, 284, 759, 418, 0, 3.12%, 0, 0, 8, 2875.64
1733279582, 5, 285, 759, 417, 0, 3.12%, 0, 0, 8, 3161.72
1733279602, 5, 296, 759, 416, 0, 3.12%, 0, 0, 8, 2924.27
1733279620, 5, 298, 759, 415, 0, 3.12%, 0, 0, 8, 2854.14
1733279635, 5, 299, 759, 414, 0, 3.12%, 0, 0, 8, 2946.08
1733279653, 5, 300, 759, 413, 0, 3.12%, 0, 0, 8, 2908.74
1733279668, 5, 304, 759, 412, 0, 3.12%, 0, 0, 8, 2756.66
1733279685, 5, 305, 759, 411, 0, 3.12%, 0, 0, 8, 2691.82
1733279700, 5, 345, 759, 410, 0, 3.12%, 0, 0, 8, 2789.36
1733279723, 5, 347, 759, 409, 0, 3.12%, 0, 0, 8, 2682.18
1733279740, 5, 351, 760, 409, 0, 3.12%, 0, 0, 8, 39.75
1733279756, 5, 357, 760, 408, 0, 3.12%, 0, 0, 8, 2901.05
1733279766, 5, 374, 760, 407, 0, 3.12%, 0, 0, 8, 3062.24
1733279783, 5, 376, 760, 406, 0, 3.12%, 0, 0, 8, 3053.78
1733279793, 5, 380, 760, 405, 0, 3.12%, 0, 0, 8, 3098.06
1733279811, 5, 383, 760, 404, 0, 3.12%, 0, 0, 8, 3082.56
1733279821, 5, 387, 760, 403, 0, 3.12%, 0, 0, 8, 2992.37
1733279839, 5, 400, 760, 402, 0, 3.12%, 0, 0, 8, 59.76
1733279864, 5, 402, 762, 403, 0, 3.12%, 0, 0, 8, 2476.17
1733279897, 5, 405, 762, 402, 0, 3.12%, 0, 0, 8, 2512.84
1733279919, 5, 406, 762, 401, 0, 3.12%, 0, 0, 8, 2847.12
1733279937, 5, 409, 762, 400, 0, 3.12%, 0, 0, 8, 64.11
1733279957, 5, 411, 762, 399, 0, 3.12%, 0, 0, 8, 2875.75
1733279980, 5, 429, 762, 398, 0, 3.12%, 0, 0, 8, 2936.15
1733280002, 5, 431, 762, 397, 0, 3.12%, 0, 0, 8, 63.08
1733280018, 5, 432, 762, 396, 0, 3.12%, 0, 0, 8, 2487.93
1733280040, 5, 435, 762, 395, 0, 3.12%, 0, 0, 8, 2696.81
1733280055, 5, 437, 762, 394, 0, 3.12%, 0, 0, 8, 2364.94
1733280068, 5, 437, 764, 396, 0, 3.12%, 0, 0, 8, 107.39
1733280078, 5, 438, 764, 395, 0, 3.12%, 0, 0, 8, 2633.15
1733280093, 5, 440, 764, 394, 0, 3.12%, 0, 0, 8, 2638.51
1733280111, 5, 442, 764, 393, 0, 3.12%, 0, 0, 8, 2913.38
1733280121, 5, 443, 764, 392, 0, 3.12%, 0, 0, 8, 2805.99
1733280139, 5, 446, 764, 391, 0, 3.12%, 0, 0, 8, 2555.87
1733280154, 5, 451, 764, 390, 0, 3.12%, 0, 0, 8, 2797.80
1733280171, 5, 452, 764, 389, 0, 3.12%, 0, 0, 8, 2683.32
1733280187, 5, 454, 764, 388, 0, 3.12%, 0, 0, 8, 2782.54
1733280204, 5, 463, 764, 387, 0, 3.12%, 0, 0, 8, 2655.33
1733280219, 5, 472, 764, 386, 0, 3.12%, 0, 0, 8, 2776.99
1733280237, 5, 473, 764, 385, 0, 3.12%, 0, 0, 8, 3165.03
1733280252, 5, 488, 764, 384, 0, 3.12%, 0, 0, 8, 2784.10
1733280274, 5, 489, 764, 383, 0, 3.12%, 0, 0, 8, 2615.31
1733280290, 5, 490, 765, 383, 0, 3.12%, 0, 0, 8, 2501.18
1733280312, 5, 492, 765, 382, 0, 3.12%, 0, 0, 8, 2854.14
1733280322, 5, 493, 765, 381, 0, 3.12%, 0, 0, 8, 2863.70
1733280335, 5, 494, 765, 380, 0, 3.12%, 0, 0, 8, 2813.29
1733280350, 5, 499, 765, 379, 0, 3.12%, 0, 0, 8, 2455.47
1733280373, 5, 506, 765, 378, 0, 3.12%, 0, 0, 8, 2426.33
1733280395, 5, 508, 765, 377, 0, 3.12%, 0, 0, 8, 84.50
1733280405, 5, 509, 765, 376, 0, 3.12%, 0, 0, 8, 2828.28
1733280420, 5, 517, 765, 375, 0, 3.12%, 0, 0, 8, 2680.82
1733280443, 5, 525, 766, 375, 0, 3.12%, 0, 0, 8, 2038.89
1733280466, 5, 528, 766, 374, 0, 3.12%, 0, 0, 8, 2257.44
1733280481, 5, 533, 766, 373, 0, 3.12%, 0, 0, 8, 2661.22
1733280498, 5, 534, 766, 372, 0, 3.12%, 0, 0, 8, 2772.49
1733280514, 5, 536, 766, 371, 0, 3.12%, 0, 0, 8, 2606.93
1733280541, 5, 538, 766, 370, 0, 3.12%, 0, 0, 8, 2409.41
1733280559, 5, 550, 766, 369, 0, 3.12%, 0, 0, 8, 14.75
1733280579, 5, 551, 766, 368, 0, 3.12%, 0, 0, 8, 2684.92
1733280597, 5, 556, 766, 367, 0, 3.12%, 0, 0, 8, 2770.77
1733280607, 5, 563, 766, 366, 0, 3.12%, 0, 0, 8, 2914.46
1733280624, 5, 566, 767, 366, 0, 3.12%, 0, 0, 8, 95.07
1733280634, 5, 567, 767, 365, 0, 3.12%, 0, 0, 8, 3448.58
1733280639, 5, 569, 768, 365, 0, 3.12%, 0, 0, 8, 3423.18
1733280657, 5, 578, 768, 364, 0, 3.12%, 0, 0, 8, 63.90
1733280667, 5, 579, 768, 363, 0, 3.12%, 0, 0, 8, 3154.44
1733280682, 5, 584, 768, 362, 0, 3.12%, 0, 0, 8, 3070.02
1733280695, 5, 592, 768, 361, 0, 3.12%, 0, 0, 8, 3106.36
1733280710, 5, 597, 768, 360, 0, 3.12%, 0, 0, 8, 3084.63
1733280727, 5, 601, 768, 359, 0, 3.12%, 0, 0, 8, 3053.87
1733280738, 5, 609, 768, 358, 0, 3.12%, 0, 0, 8, 3110.62
1733280760, 5, 618, 769, 358, 0, 3.12%, 0, 0, 8, 3414.81
1733280765, 5, 618, 770, 359, 0, 3.12%, 0, 0, 8, 3381.47
1733280770, 5, 621, 770, 358, 0, 3.12%, 0, 0, 8, 2763.65
1733280788, 5, 628, 772, 359, 0, 3.12%, 0, 0, 8, 64.76
1733280793, 5, 628, 773, 360, 0, 3.12%, 0, 0, 8, 1997.95
1733280798, 5, 628, 774, 361, 0, 3.12%, 0, 0, 8, 2150.39
1733280808, 5, 635, 774, 360, 0, 3.12%, 0, 0, 8, 2286.82
1733280831, 5, 640, 774, 359, 0, 3.12%, 0, 0, 8, 2667.17
1733280846, 5, 643, 774, 358, 0, 3.12%, 0, 0, 8, 2147.32
1733280853, 5, 643, 775, 359, 0, 3.12%, 0, 0, 8, 34.00
1733280868, 5, 650, 775, 358, 0, 3.12%, 0, 0, 8, 2061.37
1733280891, 5, 653, 775, 357, 0, 3.12%, 0, 0, 8, 2103.78
1733280912, 5, 671, 775, 356, 0, 3.12%, 0, 0, 8, 2616.58
1733280960, 5, 672, 775, 355, 0, 3.12%, 0, 0, 8, 6450.90
1733280965, 5, 682, 775, 354, 0, 3.12%, 0, 0, 8, 7369.46
1733280975, 5, 719, 777, 355, 1, 3.12%, 0, 0, 8, 134.11
1733280985, 5, 775, 778, 355, 1, 3.12%, 0, 0, 8, 5974.31
1733280990, 6, 39, 778, 354, 0, 3.12%, 0, 0, 8, 4802.06
1733280995, 6, 52, 778, 352, 0, 3.12%, 0, 0, 8, 7126.19
1733281000, 6, 67, 778, 351, 0, 3.12%, 0, 0, 8, 7059.26
1733281005, 6, 85, 778, 350, 0, 3.12%, 0, 0, 8, 7705.31
1733281011, 6, 133, 778, 349, 0, 3.12%, 0, 0, 8, 135.85
1733281016, 6, 151, 778, 348, 0, 3.12%, 0, 0, 8, 7150.51
1733281021, 6, 175, 778, 347, 0, 3.12%, 0, 0, 8, 7124.76
1733281036, 6, 189, 778, 346, 0, 3.12%, 0, 0, 8, 6166.30
1733281049, 6, 194, 778, 345, 0, 3.12%, 0, 0, 8, 5689.23
1733281064, 6, 195, 778, 344, 0, 3.12%, 0, 0, 8, 7050.82
1733281069, 6, 199, 778, 343, 0, 3.12%, 0, 0, 8, 7325.41
1733281076, 6, 205, 778, 341, 0, 3.12%, 0, 0, 8, 189.15
1733281081, 6, 206, 778, 340, 0, 3.12%, 0, 0, 8, 7621.19
1733281091, 6, 244, 778, 339, 0, 3.12%, 0, 0, 8, 6602.86
1733281096, 6, 253, 779, 340, 0, 3.12%, 0, 0, 8, 6139.93
1733281114, 6, 497, 779, 339, 1, 3.12%, 0, 0, 8, 5282.24
1733281119, 6, 778, 779, 338, 1, 3.12%, 0, 0, 8, 5194.57
1733281134, 7, 89, 780, 337, 0, 3.12%, 0, 0, 8, 7146.05
1733281148, 7, 95, 780, 336, 0, 3.12%, 0, 0, 8, 6557.94
1733281153, 7, 186, 780, 335, 0, 3.12%, 0, 0, 8, 7435.95
1733281158, 7, 297, 781, 335, 1, 3.14%, 0, 0, 8, 7454.35
1733281163, 7, 704, 782, 335, 1, 3.14%, 0, 0, 8, 7480.62
1733281168, 7, 744, 782, 334, 2, 3.14%, 0, 0, 8, 7067.02
1733281174, 7, 744, 783, 335, 2, 3.14%, 0, 0, 8, 168.59
1733281180, 7, 780, 783, 334, 3, 3.14%, 0, 0, 8, 6305.47
1733281190, 7, 780, 784, 335, 3, 3.15%, 0, 0, 8, 6258.79
1733281195, 7, 781, 784, 334, 3, 3.15%, 0, 0, 8, 7150.13
1733281200, 7, 782, 785, 334, 2, 3.15%, 0, 0, 8, 6901.70
1733281207, 7, 782, 786, 335, 2, 3.15%, 0, 0, 8, 112.91
1733281217, 7, 783, 786, 334, 2, 3.15%, 0, 0, 8, 6201.72
1733281227, 7, 785, 786, 333, 1, 3.15%, 0, 0, 8, 6449.56
1733281245, 8, 160, 786, 330, 0, 3.15%, 0, 0, 8, 8943.26
1733281250, 8, 168, 786, 329, 0, 3.15%, 0, 0, 8, 8393.66
1733281255, 8, 221, 786, 328, 0, 3.15%, 0, 0, 8, 7874.00
1733281260, 8, 250, 786, 327, 0, 3.15%, 0, 0, 8, 7016.70
1733281278, 8, 255, 786, 326, 0, 3.15%, 0, 0, 8, 6250.43
1733281288, 8, 260, 786, 325, 0, 3.15%, 0, 0, 8, 7211.34
1733281298, 8, 270, 786, 324, 0, 3.15%, 0, 0, 8, 6608.95
1733281311, 8, 277, 786, 323, 0, 3.15%, 0, 0, 8, 6484.29
1733281316, 8, 293, 786, 322, 0, 3.15%, 0, 0, 8, 6496.56
1733281331, 8, 303, 786, 321, 0, 3.15%, 0, 0, 8, 6766.16
1733281338, 8, 308, 786, 320, 0, 3.15%, 0, 0, 8, 131.61
1733281343, 8, 311, 787, 320, 0, 3.15%, 0, 0, 8, 8001.45
1733281348, 8, 707, 787, 319, 1, 3.15%, 0, 0, 8, 7440.53
1733281358, 8, 751, 787, 318, 1, 3.15%, 0, 0, 8, 6546.53
1733281371, 8, 786, 787, 317, 1, 3.15%, 0, 0, 8, 143.45
1733281381, 9, 24, 787, 316, 0, 3.15%, 0, 0, 8, 6751.47
1733281386, 9, 60, 787, 315, 0, 3.15%, 0, 0, 8, 6748.13
1733281391, 9, 65, 787, 314, 0, 3.15%, 0, 0, 8, 6659.21
1733281404, 9, 148, 787, 313, 0, 3.15%, 0, 0, 8, 211.64
1733281409, 9, 179, 787, 312, 0, 3.15%, 0, 0, 8, 7282.81
1733281414, 9, 236, 787, 311, 0, 3.15%, 0, 0, 8, 6653.86
1733281429, 9, 237, 787, 310, 0, 3.15%, 0, 0, 8, 6251.02
1733281447, 9, 240, 787, 309, 0, 3.15%, 0, 0, 8, 6207.40
1733281462, 9, 241, 787, 308, 0, 3.15%, 0, 0, 8, 6437.37
1733281474, 9, 258, 787, 307, 0, 3.15%, 0, 0, 8, 6862.41
1733281485, 9, 263, 787, 306, 0, 3.15%, 0, 0, 8, 6756.26
1733281495, 9, 267, 787, 305, 0, 3.15%, 0, 0, 8, 7113.51
1733281507, 9, 495, 788, 305, 1, 3.15%, 0, 0, 8, 7171.18
1733281512, 9, 787, 788, 304, 1, 3.15%, 0, 0, 8, 7600.37
1733281517, 10, 66, 788, 303, 0, 3.15%, 0, 0, 8, 8265.95
1733281522, 10, 254, 788, 302, 0, 3.15%, 0, 0, 8, 7590.99
1733281535, 10, 266, 788, 301, 0, 3.15%, 0, 0, 8, 162.13
1733281540, 10, 269, 788, 300, 0, 3.15%, 0, 0, 8, 6783.43
1733281550, 10, 272, 788, 299, 0, 3.15%, 0, 0, 8, 6753.41
1733281560, 10, 309, 788, 298, 0, 3.15%, 0, 0, 8, 7081.65
1733281567, 10, 314, 788, 297, 0, 3.15%, 0, 0, 8, 135.78
1733281573, 10, 319, 788, 296, 0, 3.15%, 0, 0, 8, 7317.96
1733281578, 10, 322, 788, 295, 0, 3.15%, 0, 0, 8, 7218.60
1733281588, 10, 334, 788, 294, 0, 3.15%, 0, 0, 8, 6974.04
1733281593, 10, 343, 788, 293, 0, 3.15%, 0, 0, 8, 6955.80
1733281600, 10, 359, 788, 292, 0, 3.15%, 0, 0, 8, 189.29
1733281605, 10, 367, 788, 291, 0, 3.15%, 0, 0, 8, 7805.34
1733281610, 10, 369, 788, 290, 0, 3.15%, 0, 0, 8, 7685.91
1733281615, 10, 371, 788, 289, 0, 3.15%, 0, 0, 8, 7928.58
1733281620, 10, 382, 788, 288, 0, 3.15%, 0, 0, 8, 7729.56
1733281625, 10, 427, 788, 287, 0, 3.15%, 0, 0, 8, 7005.77
1733281633, 10, 430, 788, 286, 0, 3.15%, 0, 0, 8, 139.62
1733281643, 10, 436, 788, 285, 0, 3.15%, 0, 0, 8, 6326.03
1733281648, 10, 439, 788, 284, 0, 3.15%, 0, 0, 8, 6318.42
1733281653, 10, 448, 788, 283, 0, 3.15%, 0, 0, 8, 6706.70
1733281658, 10, 460, 788, 282, 0, 3.15%, 0, 0, 8, 6811.97
1733281671, 10, 461, 788, 281, 0, 3.15%, 0, 0, 8, 6491.00
1733281676, 10, 465, 788, 280, 0, 3.15%, 0, 0, 8, 6345.76
1733281686, 10, 470, 788, 279, 0, 3.15%, 0, 0, 8, 6247.79
1733281691, 10, 471, 788, 278, 0, 3.15%, 0, 0, 8, 6128.91
1733281698, 10, 491, 788, 277, 0, 3.15%, 0, 0, 8, 132.10
1733281709, 10, 498, 788, 276, 0, 3.15%, 0, 0, 8, 5559.51
1733281719, 10, 503, 788, 275, 0, 3.15%, 0, 0, 8, 6043.83
1733281724, 10, 504, 788, 274, 0, 3.15%, 0, 0, 8, 6085.62
1733281736, 10, 512, 788, 273, 0, 3.15%, 0, 0, 8, 6827.69
1733281742, 10, 516, 788, 272, 0, 3.15%, 0, 0, 8, 6336.20
1733281747, 10, 523, 788, 271, 0, 3.15%, 0, 0, 8, 6400.34
1733281757, 10, 529, 788, 270, 0, 3.15%, 0, 0, 8, 6792.89
1733281764, 10, 532, 788, 269, 0, 3.15%, 0, 0, 8, 155.10
1733281774, 10, 539, 788, 268, 0, 3.15%, 0, 0, 8, 6446.35
1733281779, 10, 545, 788, 267, 0, 3.15%, 0, 0, 8, 6807.16
1733281784, 10, 547, 789, 267, 0, 3.15%, 0, 0, 8, 6885.74
1733281789, 10, 788, 789, 266, 1, 3.15%, 0, 0, 8, 7355.84
1733281802, 11, 124, 789, 264, 0, 3.15%, 0, 0, 8, 8045.33
1733281812, 11, 231, 789, 262, 0, 3.15%, 0, 0, 8, 7206.34
1733281830, 11, 273, 789, 261, 0, 3.15%, 0, 0, 8, 161.21
1733281840, 11, 286, 789, 260, 0, 3.15%, 0, 0, 8, 6274.67
1733281855, 11, 313, 789, 259, 0, 3.15%, 0, 0, 8, 6771.77
1733281862, 11, 327, 789, 258, 0, 3.15%, 0, 0, 8, 136.72
1733281872, 11, 342, 789, 257, 0, 3.15%, 0, 0, 8, 6235.70
1733281877, 11, 349, 789, 256, 0, 3.15%, 0, 0, 8, 6813.27
1733281882, 11, 388, 789, 255, 0, 3.15%, 0, 0, 8, 7438.63
1733281887, 11, 392, 789, 254, 0, 3.15%, 0, 0, 8, 7987.97
1733281895, 11, 410, 789, 253, 0, 3.15%, 0, 0, 8, 143.91
1733281905, 11, 425, 789, 252, 0, 3.15%, 0, 0, 8, 7147.74
1733281910, 11, 449, 789, 251, 0, 3.15%, 0, 0, 8, 6860.32
1733281915, 11, 458, 789, 250, 0, 3.15%, 0, 0, 8, 6602.76
1733281928, 11, 462, 789, 249, 0, 3.15%, 0, 0, 8, 102.62
1733281933, 11, 464, 789, 248, 0, 3.15%, 0, 0, 8, 6535.08
1733281938, 11, 474, 789, 247, 0, 3.15%, 0, 0, 8, 6665.71
1733281948, 11, 477, 789, 246, 0, 3.15%, 0, 0, 8, 6041.53
1733281953, 11, 510, 789, 245, 0, 3.15%, 0, 0, 8, 6123.85
1733281966, 11, 518, 789, 244, 0, 3.15%, 0, 0, 8, 6200.52
1733281971, 11, 519, 789, 243, 0, 3.15%, 0, 0, 8, 5849.01
1733281981, 11, 520, 789, 242, 0, 3.15%, 0, 0, 8, 5146.36
1733281993, 11, 524, 789, 241, 0, 3.15%, 0, 0, 8, 115.73
1733281999, 11, 537, 789, 240, 0, 3.15%, 0, 0, 8, 6046.24
1733282009, 11, 542, 789, 239, 0, 3.15%, 0, 0, 8, 6707.26
1733282014, 11, 543, 789, 238, 0, 3.15%, 0, 0, 8, 6859.57
1733282019, 11, 554, 789, 237, 0, 3.15%, 0, 0, 8, 6633.98
1733282026, 11, 558, 789, 236, 0, 3.15%, 0, 0, 8, 143.65
1733282031, 11, 559, 789, 235, 0, 3.15%, 0, 0, 8, 7084.36
1733282041, 11, 562, 789, 234, 0, 3.15%, 0, 0, 8, 7551.47
1733282046, 11, 564, 789, 233, 0, 3.15%, 0, 0, 8, 6865.70
1733282051, 11, 570, 789, 232, 0, 3.15%, 0, 0, 8, 6959.41
1733282059, 11, 573, 789, 231, 0, 3.15%, 0, 0, 8, 166.74
1733282064, 11, 585, 789, 230, 0, 3.15%, 0, 0, 8, 7835.86
1733282074, 11, 586, 789, 229, 0, 3.15%, 0, 0, 8, 7581.94
1733282079, 11, 587, 789, 228, 0, 3.15%, 0, 0, 8, 7976.81
1733282084, 11, 589, 789, 227, 0, 3.15%, 0, 0, 8, 7927.68
1733282092, 11, 591, 789, 226, 0, 3.15%, 0, 0, 8, 141.63
1733282097, 11, 602, 789, 225, 0, 3.15%, 0, 0, 8, 8929.56
1733282102, 11, 611, 789, 224, 0, 3.15%, 0, 0, 8, 8230.47
1733282107, 11, 626, 789, 223, 0, 3.15%, 0, 0, 8, 6063.73
1733282117, 11, 634, 789, 222, 0, 3.15%, 0, 0, 8, 6123.96
1733282124, 11, 639, 790, 222, 0, 3.15%, 0, 0, 8, 114.44
1733282135, 11, 731, 790, 221, 1, 3.15%, 0, 0, 8, 6671.81
1733282140, 11, 740, 790, 220, 1, 3.15%, 0, 0, 8, 6475.55
1733282145, 11, 789, 790, 219, 1, 3.15%, 0, 0, 8, 5863.28
1733282157, 12, 27, 790, 218, 0, 3.15%, 0, 0, 8, 111.98
1733282167, 12, 76, 790, 217, 0, 3.15%, 0, 0, 8, 6488.98
1733282172, 12, 94, 790, 216, 0, 3.15%, 0, 0, 8, 6405.34
1733282177, 12, 124, 790, 215, 0, 3.15%, 0, 0, 8, 6339.50
1733282182, 12, 256, 791, 216, 0, 3.15%, 0, 0, 8, 5644.64
1733282195, 12, 259, 791, 215, 0, 3.15%, 0, 0, 8, 7135.66
1733282210, 12, 316, 791, 214, 0, 3.15%, 0, 0, 8, 6933.87
1733282215, 12, 344, 791, 213, 0, 3.15%, 0, 0, 8, 6816.83
1733282223, 12, 353, 791, 212, 0, 3.15%, 0, 0, 8, 127.45
1733282228, 12, 372, 791, 211, 0, 3.15%, 0, 0, 8, 7078.90
1733282233, 12, 373, 791, 210, 0, 3.15%, 0, 0, 8, 8061.35
1733282238, 12, 416, 791, 209, 0, 3.15%, 0, 0, 8, 8188.48
1733282248, 12, 423, 791, 208, 0, 3.15%, 0, 0, 8, 6969.61
1733282255, 12, 444, 791, 207, 0, 3.15%, 0, 0, 8, 154.34
1733282260, 12, 453, 791, 206, 0, 3.15%, 0, 0, 8, 6993.48
1733282271, 12, 476, 791, 205, 0, 3.15%, 0, 0, 8, 6516.62
1733282276, 12, 484, 791, 204, 0, 3.15%, 0, 0, 8, 6915.14
1733282281, 12, 513, 792, 204, 0, 3.15%, 0, 0, 8, 7052.38
1733282293, 12, 531, 792, 203, 0, 3.15%, 0, 0, 8, 6480.11
1733282298, 12, 541, 792, 202, 0, 3.15%, 0, 0, 8, 7214.83
1733282303, 12, 544, 792, 201, 0, 3.15%, 0, 0, 8, 7624.93
1733282308, 12, 546, 792, 200, 0, 3.15%, 0, 0, 8, 7825.18
1733282313, 12, 552, 792, 199, 0, 3.15%, 0, 0, 8, 7710.57
1733282326, 12, 568, 792, 198, 0, 3.15%, 0, 0, 8, 8522.48
1733282331, 12, 608, 792, 197, 0, 3.15%, 0, 0, 8, 8900.68
1733282336, 12, 612, 792, 196, 0, 3.15%, 0, 0, 8, 8118.72
1733282341, 12, 620, 793, 196, 0, 3.15%, 0, 0, 8, 7700.36
1733282354, 12, 622, 793, 195, 0, 3.15%, 0, 0, 8, 113.06
1733282364, 12, 625, 793, 194, 0, 3.15%, 0, 0, 8, 5698.47
1733282374, 12, 631, 793, 193, 0, 3.15%, 0, 0, 8, 6382.27
1733282379, 12, 636, 793, 192, 0, 3.15%, 0, 0, 8, 7327.47
1733282384, 12, 638, 793, 191, 0, 3.15%, 0, 0, 8, 6895.17
1733282389, 12, 645, 793, 190, 0, 3.15%, 0, 0, 8, 6534.01
1733282403, 12, 647, 793, 189, 0, 3.15%, 0, 0, 8, 130.30
1733282408, 12, 662, 793, 188, 0, 3.15%, 0, 0, 8, 7185.66
1733282419, 12, 664, 793, 187, 0, 3.15%, 0, 0, 8, 203.88
1733282424, 12, 668, 793, 186, 0, 3.15%, 0, 0, 8, 7768.50
1733282430, 12, 680, 793, 185, 0, 3.15%, 0, 0, 8, 7080.80
1733282440, 12, 686, 793, 184, 0, 3.15%, 0, 0, 8, 5717.02
1733282445, 12, 724, 794, 184, 1, 3.15%, 0, 0, 8, 5581.26
1733282457, 12, 779, 794, 183, 1, 3.15%, 0, 0, 8, 7852.11
1733282462, 12, 793, 795, 183, 1, 3.15%, 0, 0, 8, 5548.58
1733282473, 12, 794, 796, 183, 1, 3.15%, 0, 0, 9, 4864.90
1733282483, 12, 795, 796, 182, 1, 3.15%, 0, 0, 9, 4392.10
1733282493, 12, 796, 797, 182, 1, 3.15%, 0, 0, 10, 5981.87
1733282512, 13, 38, 797, 181, 0, 3.15%, 0, 0, 10, 6673.39
1733282518, 13, 154, 797, 180, 0, 3.15%, 0, 0, 10, 185.16
1733282523, 13, 232, 797, 179, 0, 3.15%, 0, 0, 10, 7017.75
1733282533, 13, 239, 797, 178, 0, 3.15%, 0, 0, 10, 6439.20
1733282551, 13, 242, 797, 177, 0, 3.15%, 0, 0, 10, 121.92
1733282566, 13, 291, 797, 176, 0, 3.15%, 0, 0, 10, 6826.11
1733282576, 13, 326, 797, 175, 0, 3.15%, 0, 0, 10, 6321.37
1733282583, 13, 352, 797, 174, 0, 3.15%, 0, 0, 10, 147.84
1733282588, 13, 362, 797, 173, 0, 3.15%, 0, 0, 10, 6894.38
1733282599, 13, 364, 797, 172, 0, 3.15%, 0, 0, 10, 7371.22
1733282604, 13, 366, 797, 171, 0, 3.15%, 0, 0, 10, 7772.43
1733282609, 13, 370, 797, 170, 0, 3.15%, 0, 0, 10, 7698.41
1733282616, 13, 385, 797, 169, 0, 3.15%, 0, 0, 10, 184.60
1733282621, 13, 420, 797, 168, 0, 3.15%, 0, 0, 10, 7299.27
1733282631, 13, 575, 800, 170, 1, 3.15%, 0, 0, 10, 7333.71
1733282636, 13, 797, 803, 172, 3, 3.15%, 0, 0, 10, 7450.93
1733282649, 13, 797, 804, 173, 3, 3.15%, 0, 0, 10, 159.60
1733282654, 13, 798, 805, 173, 2, 3.15%, 0, 0, 10, 7884.09
1733282659, 13, 800, 807, 174, 1, 3.15%, 0, 0, 10, 7713.60
1733282664, 13, 800, 808, 175, 1, 3.15%, 0, 0, 10, 8106.05
1733282669, 13, 806, 808, 174, 1, 3.15%, 0, 0, 10, 7902.10
1733282674, 13, 807, 808, 173, 0, 3.15%, 0, 0, 10, 8072.82
1733282680, 14, 177, 808, 172, 0, 3.15%, 0, 0, 10, 8696.68
1733282690, 14, 178, 808, 171, 0, 3.15%, 0, 0, 10, 6524.20
1733282695, 14, 329, 808, 171, 0, 3.15%, 0, 0, 10, 6257.52
1733282700, 14, 348, 808, 170, 0, 3.15%, 0, 0, 10, 6420.75
1733282705, 14, 391, 808, 169, 0, 3.15%, 0, 0, 10, 6539.50
1733282720, 14, 500, 808, 168, 0, 3.15%, 0, 0, 10, 5112.44
1733282730, 14, 507, 808, 167, 0, 3.15%, 0, 0, 10, 5288.10
1733282735, 14, 530, 808, 166, 0, 3.15%, 0, 0, 10, 5650.13
1733282741, 14, 535, 808, 165, 0, 3.15%, 0, 0, 10, 6015.31
1733282748, 14, 581, 808, 164, 0, 3.15%, 0, 0, 10, 5997.41
1733282758, 14, 604, 808, 163, 0, 3.15%, 0, 0, 10, 6223.62
1733282768, 14, 605, 808, 162, 0, 3.15%, 0, 0, 10, 5991.30
1733282767, 14, 613, 808, 161, 0, 3.15%, 0, 0, 10, 0.00
1733282783, 14, 616, 808, 160, 0, 3.15%, 0, 0, 10, 7245.60
1733282788, 14, 654, 809, 160, 1, 3.15%, 0, 0, 10, 6982.62
1733282798, 14, 808, 809, 159, 1, 3.15%, 0, 0, 10, 6961.35
1733282805, 14, 808, 810, 160, 1, 3.15%, 0, 0, 10, 221.07
1733282810, 15, 107, 810, 159, 0, 3.15%, 0, 0, 10, 8080.95
1733282820, 15, 276, 810, 158, 0, 3.15%, 0, 0, 10, 6660.70
1733282825, 15, 317, 810, 157, 0, 3.15%, 0, 0, 10, 6513.90
1733282837, 15, 338, 810, 156, 0, 3.15%, 0, 0, 10, 189.44
1733282842, 15, 360, 810, 155, 0, 3.15%, 0, 0, 10, 6813.42
1733282847, 15, 393, 810, 154, 0, 3.15%, 0, 0, 10, 6592.88
1733282862, 15, 467, 810, 152, 0, 3.15%, 0, 0, 10, 7323.98
1733282867, 15, 483, 810, 151, 0, 3.15%, 0, 0, 10, 6495.80
1733282872, 15, 486, 810, 151, 0, 3.15%, 0, 0, 10, 6418.42
1733282878, 15, 502, 810, 150, 0, 3.15%, 0, 0, 10, 6905.59
1733282891, 15, 522, 810, 149, 0, 3.15%, 0, 0, 10, 5952.23
1733282896, 15, 548, 810, 148, 0, 3.15%, 0, 0, 10, 5769.07
1733282907, 15, 593, 810, 147, 0, 3.15%, 0, 0, 10, 7430.03
1733282912, 15, 599, 810, 146, 0, 3.15%, 0, 0, 10, 7807.50
1733282917, 15, 627, 810, 145, 0, 3.15%, 0, 0, 10, 5813.04
1733282927, 15, 633, 810, 144, 0, 3.15%, 0, 0, 10, 4932.62
1733282931, 15, 642, 810, 143, 0, 3.15%, 0, 0, 10, 5748.36
1733282946, 15, 646, 810, 142, 0, 3.15%, 0, 0, 10, 6016.51
1733282951, 15, 648, 810, 141, 0, 3.15%, 0, 0, 10, 6192.72
1733282956, 15, 654, 810, 140, 0, 3.15%, 0, 0, 10, 6973.14
1733282962, 15, 730, 811, 141, 1, 3.15%, 0, 0, 10, 166.36
1733282967, 15, 810, 813, 142, 1, 3.15%, 0, 0, 10, 7613.05
1733282972, 15, 811, 814, 142, 2, 3.15%, 0, 0, 10, 8280.02
1733282977, 15, 812, 814, 141, 1, 3.15%, 0, 0, 10, 8713.27
1733282982, 15, 812, 815, 142, 1, 3.15%, 0, 0, 10, 9087.31
1733282987, 16, 25, 815, 141, 0, 3.15%, 0, 0, 10, 7595.92
1733282995, 16, 45, 815, 140, 0, 3.15%, 0, 0, 10, 234.15
1733283000, 16, 295, 815, 139, 0, 3.15%, 0, 0, 10, 7916.33
1733283005, 16, 358, 815, 138, 0, 3.15%, 0, 0, 10, 8326.10
1733283010, 16, 450, 815, 137, 0, 3.15%, 0, 0, 10, 7286.87
1733283015, 16, 469, 815, 136, 0, 3.15%, 0, 0, 10, 7213.11
1733283020, 16, 511, 815, 135, 0, 3.15%, 0, 0, 10, 7536.96
1733283027, 16, 515, 815, 134, 0, 3.15%, 0, 0, 10, 216.23
1733283033, 16, 527, 815, 133, 0, 3.15%, 0, 0, 10, 6837.39
1733283038, 16, 561, 815, 133, 0, 3.15%, 0, 0, 10, 6827.96
1733283043, 16, 580, 815, 132, 0, 3.15%, 0, 0, 10, 7738.37
1733283048, 16, 588, 815, 131, 0, 3.15%, 0, 0, 10, 8190.55
1733283053, 16, 617, 815, 130, 0, 3.15%, 0, 0, 10, 7530.80
1733283065, 16, 815, 816, 130, 1, 3.15%, 0, 0, 10, 6979.36
1733283075, 17, 144, 816, 129, 0, 3.15%, 0, 0, 10, 7552.59
1733283080, 17, 182, 816, 128, 0, 3.15%, 0, 0, 10, 7645.35
1733283085, 17, 478, 816, 127, 0, 3.15%, 0, 0, 10, 7469.87
1733283098, 17, 501, 816, 126, 0, 3.15%, 0, 0, 10, 5545.35
1733283108, 17, 521, 816, 125, 0, 3.15%, 0, 0, 10, 5169.52
1733283113, 17, 549, 816, 124, 0, 3.15%, 0, 0, 10, 5524.04
1733283126, 17, 555, 816, 123, 0, 3.15%, 0, 0, 10, 211.68
1733283131, 17, 582, 816, 122, 0, 3.15%, 0, 0, 10, 7409.09
1733283136, 17, 583, 816, 121, 0, 3.15%, 0, 0, 10, 8334.31
1733283141, 17, 600, 816, 120, 0, 3.15%, 0, 0, 10, 8071.35
1733283146, 17, 641, 816, 119, 0, 3.15%, 0, 0, 10, 5186.40
1733283159, 17, 644, 816, 118, 0, 3.15%, 0, 0, 10, 192.82
1733283164, 17, 649, 816, 117, 0, 3.15%, 0, 0, 10, 5919.69
1733283169, 17, 652, 816, 116, 0, 3.15%, 0, 0, 10, 6759.56
1733283179, 17, 667, 816, 115, 0, 3.15%, 0, 0, 10, 7896.47
1733283184, 17, 679, 816, 114, 0, 3.15%, 0, 0, 10, 7790.74
1733283191, 17, 694, 816, 113, 0, 3.15%, 0, 0, 10, 183.53
1733283196, 17, 703, 816, 112, 0, 3.15%, 0, 0, 10, 7709.63
1733283201, 17, 705, 816, 111, 0, 3.15%, 0, 0, 10, 7492.52
1733283212, 17, 715, 816, 110, 0, 3.15%, 0, 0, 10, 7832.16
1733283217, 17, 732, 816, 109, 0, 3.15%, 0, 0, 10, 8012.24
1733283222, 17, 737, 816, 108, 0, 3.15%, 0, 0, 10, 8262.47
1733283232, 17, 745, 816, 107, 0, 3.15%, 0, 0, 10, 7297.14
1733283242, 17, 748, 816, 106, 0, 3.15%, 0, 0, 10, 6991.65
1733283247, 17, 767, 816, 105, 0, 3.15%, 0, 0, 10, 7897.50
1733283252, 17, 774, 816, 104, 0, 3.15%, 0, 0, 10, 6451.27
1733283268, 17, 776, 817, 104, 0, 3.15%, 0, 0, 10, 4489.90
1733283278, 17, 797, 818, 104, 0, 3.15%, 0, 0, 11, 6731.40
1733283283, 17, 818, 819, 105, 1, 3.15%, 0, 0, 11, 7255.87
1733283290, 17, 818, 820, 106, 1, 3.15%, 0, 0, 11, 122.20
1733283295, 17, 819, 821, 106, 1, 3.15%, 0, 0, 11, 7310.68
1733283300, 17, 819, 822, 107, 1, 3.15%, 0, 0, 11, 7654.42
1733283305, 17, 820, 824, 108, 0, 3.15%, 0, 0, 11, 8155.44
1733283310, 17, 821, 824, 107, 0, 3.15%, 0, 0, 11, 8540.20
1733283323, 17, 821, 826, 109, 0, 3.15%, 0, 0, 11, 117.77
1733283328, 18, 412, 826, 108, 0, 3.15%, 0, 0, 11, 7932.30
1733283333, 18, 441, 826, 108, 0, 3.15%, 0, 0, 11, 7449.76
1733283338, 18, 560, 826, 107, 0, 3.15%, 0, 0, 11, 6995.79
1733283343, 18, 623, 826, 106, 0, 3.15%, 0, 0, 11, 6898.81
1733283355, 18, 630, 826, 105, 0, 3.15%, 0, 0, 11, 155.70
1733283361, 18, 632, 826, 104, 0, 3.15%, 0, 0, 11, 6815.91
1733283366, 18, 663, 826, 103, 0, 3.15%, 0, 0, 11, 7217.36
1733283371, 18, 673, 826, 102, 0, 3.15%, 0, 0, 11, 7456.03
1733283381, 18, 691, 826, 100, 0, 3.15%, 0, 0, 11, 7369.52
1733283388, 18, 700, 826, 99, 0, 3.15%, 0, 0, 11, 192.04
1733283393, 18, 710, 826, 98, 0, 3.15%, 0, 0, 11, 6497.48
1733283404, 18, 721, 826, 97, 0, 3.15%, 0, 0, 11, 8600.31
1733283414, 18, 722, 826, 96, 0, 3.15%, 0, 0, 11, 7870.53
1733283441, 18, 727, 826, 95, 0, 3.15%, 0, 0, 11, 7640.59
1733283446, 18, 746, 826, 94, 0, 3.15%, 0, 0, 11, 7657.38
1733283464, 18, 750, 828, 95, 0, 3.15%, 0, 0, 11, 6982.77
1733283469, 18, 754, 828, 94, 0, 3.15%, 0, 0, 11, 6745.53
1733283479, 18, 761, 829, 94, 0, 3.15%, 0, 0, 11, 6090.49
1733283492, 18, 828, 829, 93, 1, 3.15%, 0, 0, 11, 7596.42
1733283497, 18, 828, 830, 94, 1, 3.15%, 0, 0, 11, 7236.80
1733283507, 18, 829, 830, 93, 1, 3.15%, 0, 0, 11, 6950.06
1733283519, 19, 445, 830, 92, 0, 3.15%, 0, 0, 11, 186.18
1733283524, 19, 557, 830, 91, 0, 3.15%, 0, 0, 11, 7031.26
1733283535, 19, 629, 830, 90, 0, 3.15%, 0, 0, 11, 5862.62
1733283540, 19, 655, 830, 89, 0, 3.15%, 0, 0, 11, 5225.22
1733283552, 19, 661, 830, 88, 0, 3.15%, 0, 0, 11, 134.18
1733283563, 19, 670, 830, 87, 0, 3.15%, 0, 0, 11, 7019.73
1733283568, 19, 711, 830, 86, 0, 3.15%, 0, 0, 11, 7612.31
1733283573, 19, 720, 830, 85, 0, 3.15%, 0, 0, 11, 5981.99
1733283585, 19, 725, 830, 84, 0, 3.15%, 0, 0, 11, 163.65
1733283605, 19, 728, 830, 83, 0, 3.15%, 0, 0, 11, 8626.81
1733283610, 19, 735, 830, 82, 0, 3.15%, 0, 0, 11, 7787.81
1733283618, 19, 747, 830, 81, 0, 3.15%, 0, 0, 11, 134.28
1733283628, 19, 769, 831, 81, 0, 3.15%, 0, 0, 11, 7155.09
1733283633, 19, 770, 831, 80, 0, 3.15%, 0, 0, 11, 7517.24
1733283643, 19, 771, 831, 79, 0, 3.15%, 0, 0, 11, 5527.18
1733283656, 19, 772, 831, 78, 0, 3.15%, 0, 0, 11, 6164.37
1733283661, 19, 773, 831, 77, 0, 3.15%, 0, 0, 11, 5800.23
1733283671, 19, 797, 831, 76, 0, 3.15%, 0, 0, 11, 6664.98
1733283677, 19, 801, 831, 76, 0, 3.15%, 0, 0, 11, 7571.97
1733283684, 19, 804, 831, 75, 0, 3.15%, 0, 0, 11, 148.91
1733283694, 19, 815, 831, 74, 0, 3.15%, 0, 0, 11, 7820.98
1733283699, 19, 816, 831, 74, 0, 3.15%, 0, 0, 11, 4035.46
1733283709, 19, 822, 832, 74, 0, 3.15%, 0, 0, 11, 5355.95
1733283727, 19, 824, 833, 74, 0, 3.15%, 0, 0, 11, 7116.61
1733283742, 19, 832, 835, 75, 1, 3.15%, 0, 0, 11, 7305.10
1733283755, 19, 833, 836, 75, 0, 3.15%, 0, 0, 11, 7262.82
1733283760, 19, 833, 838, 77, 0, 3.15%, 0, 0, 11, 6948.81
1733283770, 19, 833, 840, 79, 0, 3.15%, 0, 0, 11, 6777.40
1733283775, 19, 834, 841, 79, 0, 3.15%, 0, 0, 11, 7133.79
1733283793, 19, 841, 843, 80, 1, 3.15%, 0, 0, 11, 7244.23
1733283803, 19, 845, 847, 83, 1, 3.15%, 0, 0, 11, 7685.41
1733283815, 19, 845, 848, 84, 1, 3.15%, 0, 0, 12, 145.42
1733283820, 19, 846, 849, 84, 0, 3.15%, 0, 0, 12, 7407.50
1733283825, 19, 846, 850, 85, 0, 3.15%, 0, 0, 12, 7335.99
1733283831, 19, 848, 852, 86, 2, 3.15%, 0, 0, 13, 7730.46
1733283841, 19, 848, 854, 88, 2, 3.15%, 0, 0, 13, 7787.12
1733283848, 19, 852, 855, 88, 1, 3.15%, 0, 0, 14, 160.86
1733283858, 20, 281, 855, 87, 0, 3.15%, 0, 0, 14, 7424.51
1733283868, 20, 496, 855, 86, 0, 3.15%, 0, 0, 14, 6868.36
1733283881, 20, 689, 855, 84, 0, 3.15%, 0, 0, 14, 179.56
1733283886, 20, 855, 858, 86, 1, 3.15%, 0, 0, 14, 8918.79
1733283891, 20, 855, 859, 87, 1, 3.15%, 0, 0, 14, 9063.67
1733283896, 21, 280, 859, 86, 0, 3.15%, 0, 0, 14, 7787.15
1733283906, 21, 426, 859, 85, 0, 3.15%, 0, 0, 14, 7352.97
1733283914, 21, 459, 859, 84, 0, 3.15%, 0, 0, 14, 128.88
1733283920, 21, 480, 859, 83, 0, 3.15%, 0, 0, 14, 7414.36
1733283930, 21, 835, 860, 82, 1, 3.15%, 0, 0, 14, 7868.81
1733283953, 22, 173, 860, 80, 0, 3.15%, 0, 0, 14, 8476.03
1733283958, 22, 457, 860, 80, 0, 3.15%, 0, 0, 14, 7057.01
1733283963, 22, 576, 860, 79, 0, 3.15%, 0, 0, 14, 7291.51
1733283968, 22, 624, 860, 78, 0, 3.15%, 0, 0, 14, 7556.16
1733283973, 22, 665, 860, 77, 0, 3.15%, 0, 0, 14, 7319.75
1733283986, 22, 683, 860, 76, 0, 3.15%, 0, 0, 14, 7554.65
1733283997, 22, 697, 860, 75, 0, 3.15%, 0, 0, 14, 7758.82
1733284002, 22, 713, 860, 74, 0, 3.15%, 0, 0, 14, 7631.47
1733284007, 22, 756, 860, 73, 0, 3.15%, 0, 0, 14, 8108.77
1733284020, 22, 757, 860, 72, 0, 3.15%, 0, 0, 14, 8078.99
1733284025, 22, 764, 860, 71, 0, 3.15%, 0, 0, 14, 6646.95
1733284030, 22, 766, 860, 70, 0, 3.15%, 0, 0, 14, 6487.84
1733284035, 22, 777, 860, 69, 0, 3.15%, 0, 0, 14, 7968.45
1733284040, 22, 790, 860, 68, 0, 3.15%, 0, 0, 14, 7517.56
1733284053, 22, 808, 860, 67, 0, 3.15%, 0, 0, 14, 7995.56
1733284058, 22, 817, 860, 67, 0, 3.15%, 0, 0, 14, 526.87
1733284082, 22, 817, 861, 68, 0, 3.15%, 0, 0, 14, 8.06
1733284560, 22, 817, 862, 69, 0, 3.15%, 0, 0, 14, 437.86
1733285990, 22, 817, 863, 70, 0, 3.15%, 0, 0, 14, 6.20
1733330860, 22, 819, 863, 69, 0, 3.15%, 0, 0, 14, 438.46
1733330872, 22, 829, 863, 69, 0, 3.15%, 0, 0, 14, 24.09
1733330877, 22, 830, 863, 69, 0, 3.15%, 0, 0, 14, 379.86
1733336241, 22, 831, 863, 68, 0, 3.15%, 0, 0, 14, 6671.70
1733336257, 22, 837, 863, 67, 0, 3.15%, 0, 0, 14, 7171.40
1733338581, 22, 839, 864, 67, 0, 3.15%, 0, 0, 14, 6699.44
1733338601, 22, 850, 865, 67, 0, 3.15%, 0, 0, 14, 7435.61
1733338606, 22, 850, 866, 68, 0, 3.15%, 0, 0, 14, 7580.12
1733338611, 22, 865, 868, 69, 1, 3.15%, 0, 0, 14, 7769.20
1733338616, 22, 865, 869, 70, 1, 3.15%, 0, 0, 14, 7638.94
1733338621, 22, 866, 869, 69, 1, 3.15%, 0, 0, 14, 8049.45
1733338626, 22, 866, 870, 70, 1, 3.15%, 0, 0, 15, 7528.12
1733338636, 22, 869, 873, 72, 1, 3.15%, 0, 0, 15, 8326.05
1733338647, 23, 15, 873, 71, 0, 3.15%, 0, 0, 15, 8049.29
1733338652, 23, 384, 873, 71, 0, 3.15%, 0, 0, 15, 8192.46
1733338657, 23, 433, 873, 70, 0, 3.15%, 0, 0, 15, 7273.39
1733338667, 23, 571, 873, 69, 0, 3.15%, 0, 0, 15, 8151.77
1733338672, 23, 677, 873, 68, 0, 3.15%, 0, 0, 15, 8681.56
1733338677, 23, 702, 873, 67, 0, 3.15%, 0, 0, 15, 8616.36
1733338682, 23, 706, 873, 66, 0, 3.15%, 0, 0, 15, 7837.85
1733338692, 23, 723, 873, 65, 0, 3.15%, 0, 0, 15, 5061.94
1733338763, 23, 726, 873, 64, 0, 3.15%, 0, 0, 15, 7803.25
1733338768, 23, 734, 873, 63, 0, 3.15%, 0, 0, 15, 7217.92
1733338779, 23, 739, 873, 62, 0, 3.15%, 0, 0, 15, 6265.59
1733338784, 23, 759, 873, 61, 0, 3.15%, 0, 0, 15, 5917.36
1733338802, 23, 810, 873, 60, 0, 3.15%, 0, 0, 15, 453.35
1733338807, 23, 840, 873, 60, 0, 3.15%, 0, 0, 15, 8112.69
1733338822, 23, 840, 874, 61, 0, 3.15%, 0, 0, 15, 7755.04
1733338827, 23, 842, 874, 60, 0, 3.15%, 0, 0, 15, 7867.85
1733338838, 23, 852, 874, 59, 0, 3.15%, 0, 0, 15, 7998.47
1733338843, 23, 853, 876, 61, 0, 3.15%, 0, 0, 15, 7229.41
1733338858, 23, 863, 876, 60, 0, 3.15%, 0, 0, 15, 7145.41
1733338879, 23, 865, 877, 60, 0, 3.15%, 0, 0, 15, 7739.54
1733338884, 23, 867, 877, 60, 0, 3.15%, 0, 0, 15, 7079.28
1733338894, 23, 876, 878, 60, 0, 3.15%, 0, 0, 15, 7001.01
1733338919, 23, 876, 879, 61, 0, 3.15%, 0, 0, 15, 6679.43
1733338924, 23, 877, 879, 60, 0, 3.15%, 0, 0, 15, 6570.06
1733338955, 24, 330, 879, 59, 0, 3.15%, 0, 0, 15, 7438.79
1733338960, 24, 674, 879, 58, 0, 3.15%, 0, 0, 15, 7772.64
1733338970, 24, 736, 879, 57, 0, 3.15%, 0, 0, 15, 7525.33
1733338978, 24, 763, 879, 56, 0, 3.15%, 0, 0, 15, 366.82
1733338988, 24, 765, 879, 55, 0, 3.15%, 0, 0, 15, 4585.11
1733338999, 24, 784, 879, 54, 0, 3.15%, 0, 0, 15, 6115.80
1733339009, 24, 802, 879, 53, 0, 3.15%, 0, 0, 15, 7276.88
1733339024, 24, 809, 879, 52, 0, 3.15%, 0, 0, 15, 7127.07
1733339034, 24, 814, 880, 52, 0, 3.15%, 0, 0, 15, 7480.08
1733339039, 24, 814, 881, 53, 0, 3.15%, 0, 0, 15, 7648.11
1733339044, 24, 814, 882, 54, 0, 3.15%, 0, 0, 15, 8042.64
1733339049, 24, 823, 882, 53, 0, 3.15%, 0, 0, 15, 7804.64
1733339059, 24, 827, 882, 52, 0, 3.15%, 0, 0, 15, 1456.85
1733339075, 24, 840, 882, 51, 0, 3.15%, 0, 0, 15, 5207.59
1733339080, 24, 856, 882, 51, 0, 3.15%, 0, 0, 15, 7563.14
1733339090, 24, 857, 884, 52, 0, 3.15%, 0, 0, 15, 8327.70
1733339095, 24, 857, 885, 53, 0, 3.15%, 0, 0, 15, 8634.24
1733339100, 24, 858, 886, 53, 0, 3.15%, 0, 0, 15, 8082.87
1733339105, 24, 865, 886, 52, 0, 3.15%, 0, 0, 15, 8060.85
1733339110, 24, 874, 889, 55, 0, 3.15%, 0, 0, 15, 6854.84
1733339131, 24, 879, 889, 54, 0, 3.15%, 0, 0, 15, 7371.06
1733339141, 24, 880, 889, 53, 0, 3.15%, 0, 0, 15, 7979.68
1733339146, 24, 880, 890, 54, 0, 3.15%, 0, 0, 15, 7807.43
1733339151, 24, 883, 891, 54, 0, 3.15%, 0, 0, 15, 8646.48
1733339161, 24, 888, 892, 54, 0, 3.15%, 0, 0, 16, 7092.96
1733339181, 25, 526, 892, 53, 0, 3.15%, 0, 0, 16, 6746.02
1733339192, 25, 552, 892, 52, 0, 3.15%, 0, 0, 16, 6087.21
1733339197, 25, 692, 892, 52, 0, 3.15%, 0, 0, 16, 6456.80
1733339202, 25, 695, 892, 51, 0, 3.15%, 0, 0, 16, 6705.69
1733339207, 25, 696, 892, 50, 0, 3.15%, 0, 0, 16, 7428.36
1733339212, 25, 886, 893, 50, 1, 3.15%, 0, 0, 16, 6971.74
1733339235, 25, 892, 895, 51, 1, 3.15%, 0, 0, 16, 7949.26
1733339240, 25, 893, 898, 53, 3, 3.15%, 0, 0, 16, 8328.53
1733339245, 25, 894, 898, 52, 2, 3.15%, 0, 0, 16, 8847.03
1733339250, 25, 895, 898, 51, 1, 3.15%, 0, 0, 16, 8762.61
1733339255, 25, 896, 900, 52, 0, 3.15%, 0, 0, 16, 8706.78
1733339261, 25, 896, 901, 53, 0, 3.15%, 0, 0, 16, 8415.20
1733339266, 25, 899, 902, 53, 1, 3.15%, 0, 0, 16, 8466.18
1733339271, 25, 900, 903, 53, 0, 3.15%, 0, 0, 16, 8489.39
1733339276, 25, 900, 904, 54, 0, 3.15%, 0, 0, 16, 7996.70
1733339281, 25, 903, 905, 54, 0, 3.15%, 0, 0, 16, 7284.13
1733339286, 25, 904, 906, 54, 0, 3.15%, 0, 0, 16, 8060.01
1733339291, 25, 905, 906, 53, 0, 3.15%, 0, 0, 16, 8413.94
1733339301, 26, 46, 907, 53, 0, 3.15%, 0, 0, 16, 7916.43
1733339307, 26, 331, 907, 53, 0, 3.15%, 0, 0, 16, 6670.45
1733339312, 26, 590, 907, 52, 0, 3.15%, 0, 0, 16, 7018.42
1733339317, 26, 693, 907, 52, 0, 3.15%, 0, 0, 16, 7604.32
1733339322, 26, 768, 907, 51, 0, 3.15%, 0, 0, 16, 5942.75
1733339483, 26, 799, 907, 50, 0, 3.15%, 0, 0, 16, 6780.36
1733339493, 26, 826, 907, 49, 0, 3.15%, 0, 0, 16, 6386.40
1733339498, 26, 826, 908, 50, 0, 3.15%, 0, 0, 16, 6069.74
1733339513, 26, 887, 908, 49, 1, 3.15%, 0, 0, 16, 6163.66
1733339533, 26, 907, 909, 49, 1, 3.15%, 0, 0, 16, 7066.39
1733339538, 26, 907, 910, 50, 1, 3.15%, 0, 0, 16, 6273.34
1733339554, 27, 83, 910, 49, 0, 3.15%, 0, 0, 16, 6505.57
1733339559, 27, 306, 910, 49, 0, 3.15%, 0, 0, 16, 6961.31
1733339564, 27, 738, 910, 48, 0, 3.15%, 0, 0, 16, 7278.14
1733339574, 27, 741, 910, 47, 0, 3.15%, 0, 0, 16, 5978.16
1733339584, 27, 742, 910, 46, 0, 3.15%, 0, 0, 16, 5779.69
1733339594, 27, 791, 910, 45, 0, 3.15%, 0, 0, 16, 7028.58
1733339599, 27, 792, 910, 44, 0, 3.15%, 0, 0, 16, 7294.54
1733339604, 27, 815, 910, 43, 0, 3.15%, 0, 0, 16, 6996.71
1733339609, 27, 838, 910, 43, 0, 3.15%, 0, 0, 16, 6343.60
1733339630, 27, 910, 911, 43, 1, 3.15%, 0, 0, 16, 7466.55
1733339635, 27, 910, 913, 45, 1, 3.15%, 0, 0, 16, 7924.31
1733339640, 27, 912, 913, 43, 0, 3.15%, 0, 0, 16, 7567.97
1733339648, 27, 912, 914, 44, 0, 3.15%, 0, 0, 16, 573.99
1733339653, 28, 485, 914, 43, 0, 3.15%, 0, 0, 16, 7494.01
1733339663, 28, 681, 914, 42, 0, 3.15%, 0, 0, 16, 6546.73
1733339673, 28, 762, 914, 41, 0, 3.15%, 0, 0, 16, 5442.26
1733339689, 28, 813, 914, 40, 0, 3.15%, 0, 0, 16, 6958.67
1733339694, 28, 834, 914, 39, 0, 3.15%, 0, 0, 16, 7740.15
1733339699, 28, 849, 914, 39, 0, 3.15%, 0, 0, 16, 7590.54
1733339704, 28, 855, 914, 38, 0, 3.15%, 0, 0, 16, 7995.98
1733339709, 28, 860, 914, 38, 0, 3.15%, 0, 0, 16, 474.41
